   1.5008972168363126        4.2325733814152029     
   1.5217834264426133        4.0218746534331116     
   1.4958297602197397        3.8629252533255785     
   1.5188965302218480        3.9828282073074210     
   1.4751330557557596        4.0424975982437727     
   1.4980047486892270        3.9183353959147111     
   1.5289778955606816        3.8556160320000989     
   1.4966086474327269        4.2259434643030227     
   1.5158568239658512        4.1054382393507582     
   1.4813579228081968        4.0391067390038611     
   1.5055983978371432        3.9987603514763559     
   1.4767135575127053        4.1534992407109170     
   1.4989167802959453        4.0163979937863834     
   1.5140633292303904        3.8849203978790463     
   1.5057007095384987        4.0470903216393452     
   1.5094730378249785        3.9878428540849273     
   1.4967430932008954        3.8706374746084578     
   1.5082559956525849        3.9370719833631589     
   1.4750236628969673        4.2090070628536598     
   1.5298003538446163        3.5711224802857990     
   1.4757905570381276        4.0644853014424829     
   1.5227416913921421        3.9119501149757498     
   1.4780573367175289        4.2115656018926764     
   1.5110220499739306        3.8118184651347367     
   1.4958428753143853        4.1011406709101488     
   1.5418934706732308        3.6480623363951139     
   1.5196152211471348        3.8306048905143659     
   1.5045615758731434        3.9534380556680579     
   1.4776454050210064        4.1313519934534124     
   1.5058216269535658        3.9887618231053832     
   1.5257959033613380        3.8338730385518667     
   1.5244756141161691        3.8808967798273177     
   1.5151593612914425        3.9298477595216319     
   1.4805748150008755        4.0948194310042112     
   1.5200505919886118        3.9827070951429930     
   1.4947787366201573        3.9434390503133701     
   1.5136133056905825        3.9666601245556437     
   1.5229056318437715        3.7262791274998199     
   1.4841103108704052        3.9651890184526390     
   1.5077073097448102        3.8701133957232652     
   1.5133458051471482        3.9089953744429140     
   1.4927908800192649        3.9896486557163473     
   1.4538649091822953        4.5742057823825064     
   1.5250791032545152        3.9019165967936451     
   1.5186189118369666        3.9442107801813666     
   1.4884435385009507        4.0959187291066605     
   1.4931716498807810        4.0243218854742109     
   1.4860011364022796        3.9860405062340529     
   1.5235569495591108        3.9964425104874834     
   1.5655539445823825        3.3599497922854691     
   1.5333462676384868        3.7298437448478738     
   1.5063320167306535        3.9825456057262123     
   1.4680907967714236        4.1418017448038720     
   1.5285346667661057        3.9524242451336717     
   1.4595304259357358        4.2457908304137195     
   1.4931524512715959        4.0512192676837584     
   1.4877173829015491        4.0083145955172048     
   1.4889655630351311        3.9162767164259198     
   1.5072517301178594        4.1028254104718664     
   1.5058325750125010        4.1900313466812689     
   1.5281191309303022        3.8000120203499210     
   1.5026749034494165        4.0111387507023437     
   1.4788688302439701        4.3123299573703600     
   1.4857289206869086        4.1625474681498638     
   1.4992471539050827        3.9014627699966127     
   1.4984121544698583        3.9397117969003537     
   1.4720834308799440        4.2370576928751973     
   1.4946375583603093        3.8576329709203625     
   1.4786752257682225        4.1489737714930417     
   1.4848913778664226        4.3778573112838624     
   1.4879961508039017        4.0963089527660541     
   1.5039892337937510        4.1022406586596487     
   1.5228894102056971        4.0149822674284490     
   1.5055850056992768        4.1439635997866056     
   1.4856942384183200        4.0091880442013350     
   1.4576628836696837        4.4027817206166713     
   1.5115785525612639        3.9338616061925307     
   1.4542350952231422        4.4205183048276222     
   1.4892042477868030        3.9726918502083888     
   1.4970834982525694        4.0228850719999167     
   1.5089222605433685        4.0350177154440523     
   1.5189876842791339        3.9152577128861052     
   1.5080142698174397        3.9934998813856430     
   1.4873007444903878        4.1337708635539583     
   1.5200293575801234        3.7803567995650478     
   1.4877619999933362        4.2244134385039427     
   1.4754854594429869        4.2805521342864541     
   1.5041861259314526        3.8993410959601964     
   1.5141523292185759        3.9670485764267380     
   1.5544473398481398        3.7218585086504041     
   1.4924201096680247        4.1466766810604225     
   1.4964907106278282        4.1308455654796123     
   1.4830019444597278        4.0977642345827849     
   1.5196848966848369        3.7102290949542023     
   1.4779153386481119        4.0944508756573939     
   1.5174452738830246        3.8878724660168809     
   1.5048778121187210        3.8078354948348516     
   1.5170515368196071        3.8933397980049951     
   1.5221017213416788        3.9038743994041400     
   1.5133860084545647        3.9038637420458189     
