   1.6112977565530053        3.3082950910535227     
   1.5166244795916928        3.8981393927533938     
   1.5195586591199697        4.3677233040827987     
   1.3362012079925945        5.8579314212828315     
   1.5467778800982357        3.8888136042583410     
   1.4977315254928536        4.0999549582375794     
   1.5495084854563275        3.7748110344945642     
   1.5218225644973666        3.7771008393927299     
   1.5310940737252596        3.2860070899138680     
   1.5412627453833347        3.3607743802367760     
   1.5006838442008317        3.4515527018369223     
   1.5603936637072879        4.0811817581474408     
   1.3986537606036347        4.7171838849491472     
   1.4881597160093201        4.4629354854223839     
   1.4941158448327194        3.7300873306440994     
   1.4844288375284391        4.3338261962133293     
   1.4308401982860579        3.8380433026921583     
   1.5165560672358700        3.8481878315835365     
   1.6171606899844673        3.2461826538558189     
   1.4655302621604565        4.3186753294185767     
   1.5193801671986227        4.4397029523678615     
   1.4435083536750026        4.0899807955151770     
   1.3949648639250258        4.7768106347002997     
   1.4628982951273612        4.0028990097227597     
   1.5627078545090418        3.5421923482913193     
   1.4295973464032237        4.4180474089928481     
   1.4703868765144490        4.3845659356534696     
   1.4858066468666362        4.1383575578457616     
   1.4218352868526600        4.9453954437682315     
   1.6178023797922940        3.5801193769833364     
   1.5280472246946031        3.7601030607598434     
   1.5591166400243353        3.7472251339887199     
   1.5184680419320906        4.5498791879451446     
   1.4999070313596066        4.4126202938811243     
   1.3910035180540488        4.2439613491255459     
   1.5666561543223814        2.8595996963616082     
   1.4095097194809405        4.4084482161277787     
   1.4362334975338815        4.8369888092228281     
   1.5405511807971997        3.8972272592156769     
   1.3829327326091667        5.1046348160805124     
   1.5060280899154093        3.8806990245359865     
   1.4783419904105239        4.7340726056612379     
   1.5354648764407604        4.4826100353925220     
   1.5353339227412635        3.4597611442033918     
   1.4531733616289406        4.5993768192334858     
   1.4896657937049009        4.4883943584195523     
   1.4666607304744870        5.1804012731898075     
   1.5181735399847720        3.7137470417283494     
   1.5785138365201252        3.2116561568704634     
   1.5346993742036752        3.7713460344133387     
   1.5494977847258247        3.1948593581031330     
   1.5948615756167497        3.4903045741159007     
   1.4233050411319736        4.9393510328005066     
   1.4858591342529104        4.0021491449891675     
   1.4963673506978152        4.2518374814218678     
   1.4598181057698774        4.7605591986483020     
   1.5349244048868447        4.0466355140089991     
   1.6208942725540627        3.2617092078635039     
   1.4084521966658368        5.1301021020509534     
   1.5358211434429601        4.4244646111162886     
   1.5572276592133756        3.1860685425820598     
   1.4599210963527849        4.3631838697148870     
   1.5012754920029885        4.0985318634058583     
   1.4197587455764789        4.3729672247433671     
   1.5329805288484104        3.8551212464035918     
   1.4817859511420752        4.2954109361028241     
   1.6102651974472959        3.1707454645067634     
   1.4614351346694463        4.7919296722312454     
   1.5198128397501534        4.0274101526529984     
   1.5345276785857012        3.4674756532285080     
   1.5108928246782178        3.5232941708684118     
   1.5830791722965141        3.1798265901416056     
   1.4327496218175859        5.0218648553181273     
   1.5088366895434753        4.7122256431359721     
   1.5427852946848721        3.8272227981273024     
   1.5639758223879097        3.7657243696340483     
   1.4491242768784156        4.2509032017366284     
   1.4467962968891426        4.1994371324624780     
   1.5142098248681009        3.8937454995630163     
   1.5716934857928597        4.1512077210485883     
   1.4196231895524083        5.0322295406200555     
   1.4829409164185405        3.7769993232896022     
   1.4191790536584934        4.0855790927525328     
   1.5579475592268852        3.6157152148951615     
   1.4797963274940764        4.5841649932320090     
   1.4062582657396310        5.7560138209064853     
   1.5093234150253443        3.9737144801667008     
   1.4516184562092218        3.8382599113303089     
   1.4159402856948031        5.4020832273812367     
   1.5265203301727972        4.1777336051254723     
   1.6812307558125921        2.9383212370986467     
   1.5719342409998212        3.4883393417899256     
   1.4811868984130634        4.3198550158364490     
   1.5236414315751992        4.3575424544167003     
   1.5805542044516496        3.5200265903507666     
   1.4466152235004059        4.1195237991432352     
   1.7000613910386471        3.1064762441369460     
   1.5434374201708105        3.6789454908322186     
   1.4053868677839347        4.5031546307597443     
   1.5298746730282518        3.9219516577570963     
