   1.5380197501523802        3.9310259614997536     
   1.4317529605650157        4.5363446438794730     
   1.5450605371600294        3.8218902104718446     
   1.4595426721521481        3.6634330097501477     
   1.4560032427612388        4.1533147802802208     
   1.4695915765052854        3.9653519551017822     
   1.5652157160374134        3.4382900105248475     
   1.4785592779387136        3.9739523021724752     
   1.5325102444422645        3.6500889713274680     
   1.4781578539832012        3.9960095921968715     
   1.5268932105510034        3.5481640379071839     
   1.5529658557714485        3.9054252791969684     
   1.4761407680534644        3.9027812952981416     
   1.4724982064059735        4.2231501309953696     
   1.5368494887835982        4.0182850005833401     
   1.5091295155247286        4.1015000923509124     
   1.5691354205593948        3.4847047915554605     
   1.5291295690937907        3.8762494228185780     
   1.4736329847308782        4.1858396747622741     
   1.4360818330513601        4.5485723588359406     
   1.4737238647253941        4.0360545665380041     
   1.5463500911819852        3.4370156586744445     
   1.5455448515517147        3.7494583673190771     
   1.5224576894448258        4.0247723984183343     
   1.4867232122447736        4.1865906265823947     
   1.5265724823360940        3.7775798789695418     
   1.5660396186521239        3.4434960636786358     
   1.4547511648873588        3.8601194331261004     
   1.4346779650135222        4.1368727789905080     
   1.4578179411085741        4.6012364265643440     
   1.4340596411872122        4.3586714436751368     
   1.4819211197090911        4.2120769045882449     
   1.5211349558456730        3.7754025535425786     
   1.4754713531154717        3.9832520348930527     
   1.5638387712279651        4.0162523589713679     
   1.5454326483378318        3.3360542271249711     
   1.4620278944591039        4.5597324474818448     
   1.4532581546789316        4.4561476383617222     
   1.4513698346423258        4.5547102969845730     
   1.4944826915800353        4.0494034762436311     
   1.5508909257580750        3.5582718515798861     
   1.4386353796598996        4.5039140581174726     
   1.5187166126822216        4.1052193971284110     
   1.4683173004509480        4.5108069615764821     
   1.4766602273376963        3.9148270062123323     
   1.5667940350853933        3.6902693895117822     
   1.5306621327332854        3.6817363627572601     
   1.4302991961204068        5.3224707443651473     
   1.5276278785490116        3.7289230571241840     
   1.4877113472408394        4.3496600885129890     
   1.4196796163764882        4.6901066714793593     
   1.4496886676334777        4.9231462376578214     
   1.4798573843676037        3.8142976374899158     
   1.5090780560464201        3.6774488070879423     
   1.4910645633560515        3.9683196939634633     
   1.4455280811419298        4.5752978761223808     
   1.4966167934510504        4.1689809583428241     
   1.5058548166518251        3.9630102692127864     
   1.5248345692112049        4.0592619668809791     
   1.5459629569071414        3.4359501150441463     
   1.5010732143091083        3.6895591450490679     
   1.5362526115981041        3.8123264911080663     
   1.5262779131733013        3.5073028558944386     
   1.4800322909607189        4.2388825785067485     
   1.5431470532827636        3.9314352844789298     
   1.4431007298160108        4.8563795415952651     
   1.4989319033130131        3.8410944768013286     
   1.4820839378706128        3.8420585979401718     
   1.4923647001194100        4.1292314724677794     
   1.5033676998217165        3.7528138119049608     
   1.5465266904155217        3.7912154981359274     
   1.3829691688851666        4.6021884006263756     
   1.5267578028182232        3.8710981020832920     
   1.4986144976586024        4.3095815225671767     
   1.5393399915135599        3.8766266507916787     
   1.5109767316026683        3.8328550799780436     
   1.4913994218864191        3.9939619625118428     
   1.5017327755053576        4.1308519482980586     
   1.5449966670398545        3.7893599579855808     
   1.4918981038947556        4.3419013282950845     
   1.5230484354425153        3.8719070347527915     
   1.5615335071754037        3.7484880368090607     
   1.4996869677966791        4.3773683643501489     
   1.5434349115751698        3.3409706292679102     
   1.5024934699803800        3.8023080952918118     
   1.4948583351197797        4.0610970995837814     
   1.4891637619442599        4.8387836744018484     
   1.5250524475700686        4.1065855215834413     
   1.5449004428464059        3.5243950411606493     
   1.5142981241177991        3.7493010835722447     
   1.5070708522440450        4.2330718993470189     
   1.4925705733567014        4.4085102646294532     
   1.5638555482019854        3.3807823496581855     
   1.4727662546686340        3.8620428038165131     
   1.4616440265228692        4.0068377092238689     
   1.5406020004420402        3.8932900455786768     
   1.5286752850176737        3.7191172805944359     
   1.5315783078637890        3.5474926925500982     
   1.5596846046636192        3.6135618269702952     
   1.5672060948640929        3.6074008080586117     
